19 40 31 11 99
4
9 6 7 8 9 10 11 12 13 14
9 15 16 17 18 19 20 21 22 23
9 24 25 26 27 28 29 30 31 32
8 33 34 35 36 37 38 39 40
5 1 2 3 4 5
36792 17678 57677 30370 49736 62291 20249 39534 38493 25265 40702 15777 36654 46317 60030 62341 6691 8333 65410 
59211 15398 30198 17640 7637 19538 42076 41369 27129 37522 32324 34119 29356 50547 61683 11969 31870 60496 32353 
35864 20380 23367 52314 62828 54411 25018 62492 37677 13558 19599 44296 55736 41296 62401 65193 57841 17692 22777 
9952 57478 63158 16200 57011 4324 1724 6146 24561 5252 40841 56024 46546 24133 27977 55411 13985 22351 49428 
18330 29558 23643 935 54716 5394 5164 38931 12798 47153 27787 4400 43119 20641 26029 15401 24841 22981 17314 
24962 25568 12138 40317 40012 33187 31817 40980 28897 27733 26419 22867 49596 16878 41801 1063 42920 24099 32888 
53111 12064 35573 54903 11109 60549 64413 38542 59578 10562 1789 45147 63446 49783 36501 33131 6290 12656 32210 
3519 61061 52043 45039 8104 63396 18070 37828 58276 10706 59911 16253 36713 1778 33083 44610 21672 17509 45001 
40198 25382 45660 1630 51453 3251 20094 30320 18390 34520 10251 12353 15282 30929 28534 14552 58924 61581 46981 
25083 7031 20003 52357 1773 26019 25757 12632 41490 242 35798 38061 29922 56244 6180 36687 31487 12739 28308 
1428 4051 24241 52730 10860 46943 27123 4532 53264 58401 27801 43564 17172 15064 33587 62026 48392 63630 52131 
6221 53760 39038 37358 49267 23543 64476 58554 48171 29739 5052 26642 4480 41810 60877 21111 61900 59094 11052 
60127 17650 13817 29394 28764 14649 28327 45309 9171 45815 33154 16287 11175 5407 15993 60362 60379 43123 32047 
8560 53296 46426 28638 61500 1764 43605 10554 10524 32005 15366 41940 10946 60843 11373 9082 28118 43258 18169 
34778 44278 63715 16385 25864 47810 29521 7345 61056 53455 52914 19139 29251 6074 3904 40925 31867 48375 54820 
55074 18924 45195 64044 42545 35711 28929 26402 39384 3705 15385 28318 16204 63976 4980 15406 9807 10645 11649 
43202 50954 61334 24487 64488 479 47848 13725 34054 54449 37098 2624 13371 1700 3086 27727 36450 52261 8700 
32820 5912 11820 44281 18783 5529 20123 15391 1772 45804 26552 44913 44548 9775 12668 9213 10449 24804 61162 
4866 42839 31712 55925 51524 63131 24326 17744 63138 16623 38829 43648 63518 45795 47237 50616 48280 5984 17102 
14189 60785 12917 57872 8631 34530 699 51602 33350 32612 30444 12969 42474 28907 59199 12823 11631 60069 55712 
4950 28348 4147 24039 43628 60641 18522 60868 45519 7838 38682 31942 54324 29111 24759 7020 33042 42734 58597 
38659 53191 32188 5641 53937 13134 43862 10423 59122 15464 35594 56533 15141 33852 53098 22851 3796 63209 61416 
47231 34974 62540 36208 28917 2235 52182 20640 6203 62819 42856 15747 22407 31029 928 47699 23495 2892 52546 
24323 14115 21750 43883 1090 44061 37941 32485 27111 16723 29887 23118 16799 40039 113 52926 51905 8886 38896 
48600 32427 4671 14861 55661 23959 8552 23941 14627 9996 3796 47953 7157 19956 31101 40754 43693 6811 62610 
17953 5232 8147 12113 65172 285 5849 54498 16581 40583 8605 418 31150 34732 23408 43475 41873 56567 18518 
7722 30789 9638 31288 16106 36263 7991 38502 64571 58302 19673 6358 5359 13042 51922 35830 37844 47343 35693 
4114 4765 39656 17421 22252 1352 8713 20540 7558 43899 33926 31610 35068 7093 18822 53004 58475 38807 20762 
36774 65409 1505 17584 210 24992 23499 37710 28523 47648 53343 46779 30045 7241 5731 8817 45582 57785 60736 
61672 60943 48918 4105 25845 2083 58144 61920 4614 11124 39141 43400 58870 62385 20387 60525 65528 13318 34424 
55808 39255 53687 42638 32294 33993 27262 45674 30155 5343 60533 27707 7863 29872 2422 28578 39673 45502 55327 
46799 51046 57836 7398 58094 21971 24843 18709 55725 10599 62478 12173 64890 45060 16139 9679 43675 20168 2908 
51163 46002 20 29317 20273 35817 57830 39619 52337 50333 41541 21383 10445 53107 25445 3546 43588 19299 39027 
42085 61223 35263 55470 60642 62660 20488 29810 19473 40769 63393 65012 44169 51019 3715 34978 47271 20040 24221 
41788 51343 14769 33264 51414 27480 54052 4878 28541 45156 22912 10344 41791 34644 35160 25021 10982 38517 59934 
49438 53095 56996 28143 39045 30991 46855 8165 18053 51941 16394 25292 48999 50636 33107 33759 2329 46652 49500 
53249 3670 9206 46787 49621 43867 7331 4748 47729 56984 24976 27950 3759 24109 64921 10288 21289 34524 25175 
53 21437 17913 22696 58364 20529 51347 11981 16615 25884 521 14729 8758 59499 30562 14591 35770 24344 18580 
26876 23778 34702 56886 23247 17901 18300 50506 36163 52912 37877 34363 7182 55268 47943 4745 53689 1556 52279 
36552 63543 36747 1667 27259 32980 20699 52538 57249 13168 64043 46279 55717 45532 35138 37175 29355 12404 53004 
366 -20
156 14
2800 1
312 -11
486 14
332 -14
169 2
1918 -5
340 -26
211 -4
2368 -27
2650 13
1938 97
135 15
1889 8
191 3
449 77
109 7
1699 6
113 51
217 12
178 8
1087 14
1667 7
180 14
140 13
1396 15
960 3
311 10
1 5
1783 -25
129 6
659 7
141 93
131 11
134 -21
4448 -19
99 77
1859 -9
407 44
3 1 2 3
3 4 5 6
3 7 8 9
3 10 11 12
3 13 14 15
3 16 17 18
3 19 20 21
3 22 23 24
3 25 26 27
3 28 29 30
1 31
