20 47 31 11 110
4
10 10 11 12 13 14 15 16 17 18 19
10 20 21 22 23 24 25 26 27 28 29
10 30 31 32 33 34 35 36 37 38 39
8 40 41 42 43 44 45 46 47
9 1 2 3 4 5 6 7 8 9
59980 47512 30672 23178 47883 15369 29634 3779 14753 48695 37711 41845 20343 43012 24810 20917 42664 60045 44221 44452 
46095 27679 31374 25386 65266 639 56764 59263 44319 17577 49533 6649 48569 22145 51246 46582 24882 25280 60307 33704 
43339 3637 39961 13737 12150 28117 52894 29724 46436 3734 55308 53246 39488 32265 13955 50031 42250 9291 62959 60751 
1182 34796 50275 7227 9562 18470 46888 10220 38525 53228 38679 20065 22744 55038 6731 46988 19469 10349 64150 58701 
10796 28234 18126 27745 21539 58264 47772 31679 42428 9553 7508 46144 19686 62428 8614 22299 27441 60167 63193 33955 
60210 16772 2035 63699 3234 17525 23433 12502 40854 7224 11825 47753 21397 36880 17336 23262 55946 38057 41095 42355 
12928 38490 10938 33351 24880 35809 30411 50342 55086 11767 19718 51202 36537 31444 1425 62133 31676 1096 17316 56478 
1454 53239 8516 50277 39388 43806 38018 51708 11647 62512 7464 62981 24878 27495 29900 52758 54586 53367 32503 35124 
49990 13465 4246 61660 52635 40804 21294 4684 8255 16389 18430 45146 22607 8679 54687 28877 54440 22409 30550 42605 
52130 1984 817 52140 25591 7033 18774 18527 34642 1793 11144 30004 4228 54614 57179 64795 28757 14344 34201 19616 
23483 29577 54664 11009 20818 5721 6690 58482 1192 2694 19242 58031 56005 17670 59783 61065 50936 11451 50214 1074 
19676 22767 4656 30929 45255 27573 63600 20256 15184 31996 55996 10251 12670 42424 12772 51507 62186 10598 64565 17830 
5208 61650 37723 25936 56433 56341 20142 58272 44233 23776 10217 62768 47379 59626 61815 11112 39540 29329 40984 13475 
2848 3715 17480 7481 17209 10834 2312 9139 60932 17260 7544 41397 26276 44578 25545 48654 60542 2104 43903 45132 
11774 51153 49455 47618 20799 39675 7054 30864 21624 48177 63747 40144 32057 38332 27931 63011 38268 36868 55820 37583 
52732 24045 51881 62995 8560 9250 3043 63503 19897 27078 59074 31703 39859 55277 20582 16163 11616 21381 57832 15357 
30720 62420 28209 7619 329 23467 4576 48118 9485 54038 4699 32368 14163 48390 16183 39746 46162 54308 20472 49193 
8958 62265 36651 14698 50452 39820 4910 44786 2783 58790 8946 45524 27172 16439 17295 58279 33562 55303 11048 3449 
51066 58087 26730 44683 32956 7316 45647 4169 55845 23732 20126 29297 30126 63459 16251 17587 44601 17037 40219 60152 
55280 25468 49622 39727 19756 51059 39617 24626 45691 17014 49292 65526 54066 4872 61591 31312 60404 64813 33657 5742 
27380 10637 64670 42013 45160 31124 50107 51859 29235 2486 44546 55619 21695 56685 64021 35346 31502 11082 29391 60017 
13350 2500 2701 23203 39234 37479 59604 63448 54942 65167 31836 3721 18005 18609 19683 19691 48853 60392 19964 58523 
15019 23692 14782 37014 48892 28826 22764 17941 18642 2125 17789 40710 15994 9648 38526 57774 1273 33868 6810 4887 
50971 63440 45159 11532 2258 1967 57657 2842 25903 20607 9314 65017 43192 50200 47275 60233 9597 21780 10571 49715 
36516 7265 28087 51684 31373 48522 3983 43418 8061 34429 4841 62290 9900 15552 50003 29717 42138 61512 32981 63484 
38405 63411 15249 47186 1500 31524 20072 22569 32993 51604 59517 37944 42360 11153 13762 2936 4575 37902 45483 21733 
6713 50383 60257 64591 15440 45771 36801 26734 27883 10300 28326 30256 33474 6509 52134 53359 47477 23450 56316 23930 
17048 49295 43293 51577 16075 43374 58397 41398 58929 37180 54382 42886 32026 16519 18756 43602 4519 54904 57862 148 
140 13183 1156 28689 48670 27499 54763 62871 51748 32466 29372 32525 5993 57971 17157 2693 44771 24151 26835 1322 
46339 52099 34015 58985 37716 56119 24187 10064 27452 13540 25865 56170 48617 63339 13012 40249 5352 19044 19317 53370 
17015 52282 21724 15832 35680 51143 30102 55748 59548 49941 45169 23834 50697 59637 5148 40351 50092 46 22444 49919 
20808 13032 59298 17168 24899 14632 63752 40053 3207 11814 17937 10898 48633 14869 6234 26322 26570 16116 50332 48425 
64674 63984 54417 65087 20976 23590 47997 62578 10094 35777 43231 52641 58743 48072 59736 59312 58260 26923 54793 58374 
3911 61516 7049 80 26467 21139 22102 5981 47686 48736 54825 44205 29339 23811 11296 33403 25760 52936 8570 44504 
34657 55893 59502 26916 28448 64504 55886 52806 5628 5783 51751 1661 49430 48564 29413 59131 35482 37437 15693 23514 
50700 34087 32029 30589 24382 21133 50155 31305 18155 8861 45011 61860 65390 46496 13410 40029 53734 33033 5570 44104 
182 49981 45828 27629 37251 7557 24843 57738 53879 50794 50375 14047 19281 5558 34018 15140 41510 49406 46265 32768 
16665 8956 33502 24822 19407 1605 2159 10933 63422 5146 19384 47832 34372 42773 41629 43171 18691 31790 54837 20196 
498 27988 8301 19662 24452 10482 28083 16340 2644 62637 2214 4013 47540 41386 24614 60825 35245 45765 57903 27009 
62387 50999 20589 35760 49135 60190 45576 36768 40003 55138 58542 28865 5404 4521 30936 203 3823 38805 50733 47093 
27086 10942 46624 50756 50235 7835 12398 3980 8756 63937 29448 13758 30678 35236 61594 64816 55196 40207 17978 58703 
27356 1436 27791 62569 55061 23257 31383 31064 51264 10347 9244 23000 65266 30090 30807 40693 37819 1705 23747 21836 
65256 24377 8123 59747 16232 43108 56013 10153 37819 37604 2177 51036 26371 37888 59312 27995 57830 45428 62747 23227 
8347 30562 33360 10418 36138 18624 9748 52100 25747 9330 57891 144 43448 43459 31721 20177 44689 31549 59774 48253 
4457 46985 18281 50781 44229 34423 21437 63523 45205 44976 23161 64394 29504 65472 60571 58056 62779 25329 12189 64152 
41546 19685 10295 38330 17796 28526 6704 6009 41665 16736 57652 12735 17010 43371 25548 64100 25163 62865 33462 26045 
4507 43247 62034 63732 45585 58491 31638 16674 11323 4588 53200 4827 20394 23596 25640 51636 29682 5452 51481 26108 
144 32
296 52
1176 31
304 14
1039 -19
150 14
359 64
2422 -14
4611 11
154 13
1258 96
46 -19
463 87
3237 -16
439 14
1698 7
167 6
482 31
1644 15
1210 13
3608 -18
5 6
73 12
42 -12
245 -20
4 15
262 -12
135 3
136 11
293 15
167 14
167 38
185 -15
127 -19
4357 11
3261 -26
305 11
108 80
2855 -28
124 -29
199 -22
10 6
370 -23
461 13
840 -8
49 13
151 14
3 1 2 3
3 4 5 6
3 7 8 9
3 10 11 12
3 13 14 15
3 16 17 18
3 19 20 21
3 22 23 24
3 25 26 27
3 28 29 30
1 31
