17 46 32 11 88
4
10 7 8 9 10 11 12 13 14 15 16
10 17 18 19 20 21 22 23 24 25 26
10 27 28 29 30 31 32 33 34 35 36
10 37 38 39 40 41 42 43 44 45 46
6 1 2 3 4 5 6
2346 6941 35273 3757 11126 63115 33527 12884 48848 8405 55605 30796 13565 29220 53756 26333 43062 
10130 8309 10140 39503 28780 52039 21888 30315 56608 49463 22690 49933 12280 33587 52230 63845 52677 
52605 37957 61977 31851 18226 6021 49296 11957 48303 44780 62698 10923 62050 47470 3866 3566 49079 
5005 20313 60511 26629 28907 16323 44420 39561 25144 31719 16369 3875 31776 969 60228 41032 8230 
62491 49184 49589 8143 3477 63602 20375 6513 16125 31257 61826 23125 57412 19867 46471 15889 64004 
2524 57693 65369 54953 11353 41678 59744 6353 43305 52423 14648 42277 40599 23654 16958 58069 22069 
57092 46127 22249 21413 54139 47827 8754 44196 37023 18483 18543 22694 56587 40376 38663 27309 23803 
30462 1890 15417 46562 60279 43130 22525 51329 46202 50001 54010 49583 3899 8911 59682 53202 26396 
31927 41772 60008 50460 42709 55214 36722 25891 6877 50433 27429 8837 44730 8292 53098 947 62008 
52181 52550 38007 42841 54007 44604 10737 63547 38035 16251 30753 14559 65208 58739 6811 37305 55441 
41837 32789 80 25146 34358 61278 4811 10767 59322 23190 50837 30863 61419 38354 41560 39516 63000 
16216 53405 11452 6148 16572 53078 59790 20833 1142 50022 170 33623 64490 34203 53903 37939 30936 
29729 23855 49724 32314 33972 27988 48414 26498 21473 17604 4889 12270 30450 37210 64196 55597 34553 
13793 17807 37178 58138 29222 64870 55714 51461 62194 50944 34406 52129 39806 33477 2914 63456 12110 
35829 10419 20382 31315 64530 19876 30694 11210 22410 23948 2721 11379 41745 41242 49579 17004 18367 
46541 11130 43903 35609 3525 7412 40727 44120 19753 41835 59199 60476 54196 3684 28855 30666 50362 
18812 12147 383 1955 63244 58522 5376 48375 19701 55024 33129 51700 23585 49722 33179 64475 37401 
52573 25371 6793 35331 44502 59018 19765 21541 64871 32512 37370 39280 49893 55349 14962 15193 56694 
35118 55113 46971 23290 3406 41663 44877 5937 16858 31954 50654 20321 22926 33219 56879 3452 22617 
41775 43390 38642 15526 62861 5623 29369 64207 37072 49480 6740 5177 39133 14470 1894 8771 2573 
64839 21780 63142 42328 64506 40659 33972 42047 34413 20117 38238 11489 55952 7175 574 62003 42517 
63794 12323 52848 24551 37486 36626 61946 16484 48383 46967 50604 57305 54480 14057 49655 5809 61165 
17730 25349 31410 3022 25842 27478 3335 26788 58084 47270 35957 58145 44533 20093 40114 40371 34998 
65114 15644 51007 40276 58198 46723 63875 19820 16673 12700 63127 3732 56913 63812 45911 52120 2097 
49948 47789 34432 19338 27367 3212 22856 47114 5894 41252 53869 12893 35860 52875 22372 21047 16150 
5132 27783 41467 57661 62456 58192 45583 4359 23689 25985 49063 50655 48628 2830 39487 46275 53227 
38441 7008 9739 11182 10300 11516 9747 12755 52646 61654 56868 49332 62616 5882 38608 38319 11722 
55720 52574 14983 41657 59718 65423 3157 65253 4911 21702 43932 22052 15885 28398 46340 26622 36951 
9468 41459 5271 16884 61215 30383 32713 48828 46595 52818 49629 23775 21058 33236 37377 56420 13407 
21635 56801 59568 30604 18412 52868 12068 27331 37200 22964 23763 36493 10947 15769 24837 12694 11067 
43056 5004 35735 63824 25201 24794 23352 61444 6912 49005 28577 7222 58868 39707 57500 37155 65082 
57475 41904 15828 5055 32166 59128 57430 33061 10377 26320 44845 31302 22166 21160 20159 7439 48475 
7068 673 28507 20922 4785 11485 359 32604 12726 54533 60735 36143 20099 4046 26445 37992 9378 
37831 56704 155 62030 30120 35739 44449 52946 43363 14551 7869 7611 13743 28898 30308 56479 32686 
40640 43790 20206 51077 35032 52505 63502 16441 45577 61103 61447 61137 42032 61353 2822 21722 2401 
4908 60335 48688 17698 17439 35835 62803 52741 52944 12413 45295 15709 39716 56538 47140 22742 7620 
7166 19738 62841 1411 7665 11319 58382 42819 65255 44415 60074 47721 33405 12281 18232 27821 14905 
27260 51972 60216 29714 2321 54557 45458 532 38408 52430 1498 42244 26166 14157 39219 44174 4693 
12430 44461 46123 3336 1164 50418 62809 63864 42132 44531 19292 42474 13881 8372 19739 51922 14408 
59422 26599 21825 860 23303 58966 11388 53784 46174 8872 43262 8506 57960 30406 48157 9209 24128 
16038 20265 19764 59252 9295 7374 35133 42220 15439 23443 48869 56068 41541 7454 17681 408 4975 
63810 27955 32687 24890 37558 1252 22286 403 37724 7095 40617 41883 36136 58777 16102 29937 38217 
16519 24935 6651 49486 45589 47332 61991 38911 12543 50231 35857 42749 17350 19448 9771 669 62761 
21192 61685 54603 40165 28768 48838 29036 6318 48158 40337 4829 55978 28592 54751 13357 4015 6722 
51664 20878 40163 58480 17391 25318 36446 29550 51411 10844 22983 61862 51073 57139 32282 23048 43014 
27424 38367 11599 13213 33212 32242 54980 54663 36775 54459 15284 49798 47543 6805 49310 65065 37372 
899 12
150 -27
1690 11
17 -24
1018 -1
325 77
1606 67
4166 34
773 5
48 91
549 12
29 2
2900 6
4831 8
15 15
2815 6
841 -17
6 13
1759 -21
25 73
171 -24
480 -29
1572 46
745 -17
151 8
141 -1
106 -10
10 -18
145 -8
63 -11
164 100
1702 8
234 44
1873 60
126 11
1201 14
296 15
310 11
125 15
4100 -15
793 14
231 4
189 -7
192 11
187 41
499 5
3 1 2 3
3 4 5 6
3 7 8 9
3 10 11 12
3 13 14 15
3 16 17 18
3 19 20 21
3 22 23 24
3 25 26 27
3 28 29 30
2 31 32
